%%MatrixMarket matrix coordinate  real general
150 150 1314
1 1 -8.8388325551241639366217839324235683307051658630371093750000000000e-02
35 1 2.9462789915136039509135912339843343943357467651367187500000000000e-02
44 1 2.9462767818051873586204791877207753714174032211303710937500000000e-02
79 1 2.9462767818053726270877135107184585649520158767700195312500000000e-02
2 2 -8.8388355014002092935321286404359852895140647888183593750000000000e-02
42 2 2.9462797280827061896513185956791858188807964324951171875000000000e-02
43 2 2.9462789915139720592351935124497686047106981277465820312500000000e-02
73 2 2.9462767818035310446456165323070308659225702285766601562500000000e-02
3 3 -8.8388325551241639366217839324235683307051658630371093750000000000e-02
39 3 2.9462767818051873586204791877207753714174032211303710937500000000e-02
71 3 2.9462767818053726270877135107184585649520158767700195312500000000e-02
92 3 2.9462789915136039509135912339843343943357467651367187500000000000e-02
4 4 -8.8388362379718934946914998818101594224572181701660156250000000000e-02
41 4 2.9462804646531007973786486786593741271644830703735351562500000000e-02
83 4 2.9462782549443154028745439632075431291013956069946289062500000000e-02
90 4 2.9462775183744769474936120445818232838064432144165039062500000000e-02
5 5 -8.8388325551241639366217839324235683307051658630371093750000000000e-02
38 5 2.9462789915136039509135912339843343943357467651367187500000000000e-02
58 5 2.9462767818053726270877135107184585649520158767700195312500000000e-02
85 5 2.9462767818051873586204791877207753714174032211303710937500000000e-02
6 6 -8.8388332916921635851181804355292115360498428344726562500000000000e-02
40 6 2.9462775183741084922273145707549701910465955734252929687500000000e-02
81 6 2.9462782549439469476082464893806900363415479660034179687500000000e-02
91 6 2.9462775183741084922273145707549701910465955734252929687500000000e-02
7 7 -8.8388347648318432714376058356720022857189178466796875000000000000e-02
36 7 2.9462782549439476414976368801035278011113405227661132812500000000e-02
45 7 2.9462782549439476414976368801035278011113405227661132812500000000e-02
77 7 2.9462782549439476414976368801035278011113405227661132812500000000e-02
8 8 -8.8388347648318432714376058356720022857189178466796875000000000000e-02
37 8 2.9462782549439476414976368801035278011113405227661132812500000000e-02
46 8 2.9462782549439476414976368801035278011113405227661132812500000000e-02
75 8 2.9462782549439476414976368801035278011113405227661132812500000000e-02
9 9 -2.4876885532576289983275330541800940409302711486816406250000000000e-01
34 9 5.1910631159169773329864483457640744745731353759765625000000000000e-02
59 9 5.1910609818557273964501064256182871758937835693359375000000000000e-02
136 9 7.2473806196800980017336257787974318489432334899902343750000000000e-02
145 9 7.2473808151234858643263692101754713803529739379882812500000000000e-02
10 10 -2.4876887858501928185717133601428940892219543457031250000000000000e-01
60 10 5.1910603329729139432391349373574485071003437042236328125000000000e-02
78 10 5.1910624670344830688950565900086075998842716217041015625000000000e-02
137 10 7.2473824315257465156214777834975393489003181457519531250000000000e-02
146 10 7.2473826269687846579614642905653454363346099853515625000000000000e-02
11 11 -2.4876888628501003797310886511695571243762969970703125000000000000e-01
61 11 5.1910616872821974121521293454861734062433242797851562500000000000e-02
76 11 5.1910616872821939427051773918719845823943614959716796875000000000e-02
135 11 7.2473826269683058742820946918072877451777458190917968750000000000e-02
143 11 7.2473826269683058742820946918072877451777458190917968750000000000e-02
12 12 -2.4876886302575459963826176590373506769537925720214843750000000000e-01
62 12 5.1910623361648873530516112850818899460136890411376953125000000000e-02
74 12 5.1910623361648318419003800272548687644302845001220703125000000000e-02
125 12 7.2473808151228724661052638111868873238563537597656250000000000000e-02
134 12 7.2473808151228669149901406854041852056980133056640625000000000000e-02
13 13 -2.4876890367977511075991969846654683351516723632812500000000000000e-01
63 13 5.1910619954570094702894778038171352818608283996582031250000000000e-02
72 13 5.1910596437445069573080047575786011293530464172363281250000000000e-02
126 13 7.2473842899605539491503236604330595582723617553710937500000000000e-02
130 13 7.2473844388154448625805059691629139706492424011230468750000000000e-02
14 14 -2.4876888042048711513487546653777826577425003051757812500000000000e-01
64 14 5.1910602926258035683115821257160860113799571990966796875000000000e-02
80 14 5.1910626443403058705161612351730582304298877716064453125000000000e-02
105 14 7.2473824781137202721836843011260498315095901489257812500000000000e-02
131 14 7.2473826269688818024761189917626325041055679321289062500000000000e-02
15 15 -2.4876876149767884749408608513476792722940444946289062500000000000e-01
65 15 5.1910568338333754057067892517807194963097572326660156250000000000e-02
82 15 5.1910613196079868902899079330381937325000762939453125000000000000e-02
128 15 7.2473788441957592842967983415292110294103622436523437500000000000e-02
133 15 7.2473791521307617813363322056829929351806640625000000000000000000e-02
16 16 -2.4876878475695932135813848162797512486577033996582031250000000000e-01
66 16 5.1910585366644002025537929512211121618747711181640625000000000000e-02
84 16 5.1910583190121692420682109059271169826388359069824218750000000000e-02
129 16 7.2473806560424569589429211191600188612937927246093750000000000000e-02
140 16 7.2473809639769043444701424050435889512300491333007812500000000000e-02
17 17 -2.4876889326878376396123826452821958810091018676757812500000000000e-01
67 17 5.1910600101983353504842000347707653418183326721191406250000000000e-02
86 17 5.1910638854801627317669954209122806787490844726562500000000000000e-02
139 17 7.2473828042296656315457425989734474569559097290039062500000000000e-02
144 17 7.2473826269702140701056691796111408621072769165039062500000000000e-02
18 18 -2.4876892351178536699762844364158809185028076171875000000000000000e-01
68 18 5.1910633007340611921875961343175731599330902099609375000000000000e-02
87 18 5.1910598182888144369595551097518182359635829925537109375000000000e-02
138 18 7.2473846160789640036270498058001976460218429565429687500000000000e-02
141 18 7.2473846160766991486568144864577334374189376831054687500000000000e-02
19 19 -2.4876889326873527497063776081631658598780632019042968750000000000e-01
69 19 5.1910617514189572041516385070281103253364562988281250000000000000e-02
88 19 5.1910621442561984129060448367454227991402149200439453125000000000e-02
106 19 7.2473828042300431073741151521971914917230606079101562500000000000e-02
132 19 7.2473826269683266909638064134924206882715225219726562500000000000e-02
20 20 -2.4876886302575459963826176590373506769537925720214843750000000000e-01
70 20 5.1910623361648346174579415901462198235094547271728515625000000000e-02
89 20 5.1910623361648873530516112850818899460136890411376953125000000000e-02
127 20 7.2473808151228724661052638111868873238563537597656250000000000000e-02
142 20 7.2473808151228669149901406854041852056980133056640625000000000000e-02
21 21 -2.9451614012893206906440468628716189414262771606445312500000000000e-01
34 21 6.3134531646093047796419739370321622118353843688964843750000000000e-02
58 21 7.9970426830062779632868341650464572012424468994140625000000000000e-02
102 21 7.5705594671807791007367427482677157968282699584960937500000000000e-02
113 21 7.5705586980968478383324793412612052634358406066894531250000000000e-02
22 22 -2.9451610900186769859132596138806547969579696655273437500000000000e-01
35 22 7.9970400139845909670555101911304518580436706542968750000000000000e-02
59 22 6.3134539028488770306957178490847581997513771057128906250000000000e-02
111 22 7.5705584887714727493346344999736174941062927246093750000000000000e-02
120 22 7.5705584945818291120467335986177204176783561706542968750000000000e-02
23 23 -2.9451613545708082986251952206657733768224716186523437500000000000e-01
36 23 7.9970391237540836004704658535047201439738273620605468750000000000e-02
60 23 6.3134527520634628472429028533952077850699424743652343750000000000e-02
112 23 7.5705608320407111189176418974966509267687797546386718750000000000e-02
123 23 7.5705608378498226440633800393698038533329963684082031250000000000e-02
24 24 -2.9451616053219209501179420840344391763210296630859375000000000000e-01
37 24 7.9970409777049999977549532559351064264774322509765625000000000000e-02
61 24 6.3134534034513176137259904407983412966132164001464843750000000000e-02
114 24 7.5705608360314424754022866181912831962108612060546875000000000000e-02
119 24 7.5705608360314508020749713068653363734483718872070312500000000000e-02
25 25 -2.9451613407698196134276713564759120345115661621093750000000000000e-01
38 25 7.9970418679354227098343699253746308386325836181640625000000000000e-02
62 25 6.3134545542368150639056523232284234836697578430175781250000000000e-02
104 25 7.5705584927629743230426129230181686580181121826171875000000000000e-02
113 25 7.5705584927629826497152976116922218352556228637695312500000000000e-02
26 26 -2.9451617268921403969272887479746714234352111816406250000000000000e-01
39 26 7.9970415873376568538510866801516385748982429504394531250000000000e-02
63 26 6.3134517482581586911294380115577951073646545410156250000000000000e-02
116 26 7.5705615821210367477611669073667144402861595153808593750000000000e-02
118 26 7.5705623512045530643099766621162416413426399230957031250000000000e-02
27 27 -2.9451613604610415997342443006346002221107482910156250000000000000e-01
40 27 7.9970389584018128359410582106647780165076255798339843750000000000e-02
64 27 6.3134528873519099589906033997976919636130332946777343750000000000e-02
98 27 7.5705608273984495437680664053914370015263557434082031250000000000e-02
103 27 7.5705609314582436586427149904920952394604682922363281250000000000e-02
28 28 -2.9451604600651226650853686805930919945240020751953125000000000000e-01
41 28 7.9970366835566422669678843249130295589566230773925781250000000000e-02
65 28 6.3134526568611223917848462861002190038561820983886718750000000000e-02
109 28 7.5705576821465808690092558208561968058347702026367187500000000000e-02
117 28 7.5705575780868783475341388111701235175132751464843750000000000000e-02
29 29 -2.9451608264960038585655865972512401640415191650390625000000000000e-01
42 29 7.9970393124924696315325434170517837628722190856933593750000000000e-02
66 29 6.3134515177676736596978912530175875872373580932617187500000000000e-02
107 29 7.5705591018915427414803787087294040247797966003417968750000000000e-02
121 29 7.5705583328083525529450525937136262655258178710937500000000000000e-02
30 30 -2.9451614016931293438261718620196916162967681884765625000000000000e-01
43 30 7.9970378009397949381487080700026126578450202941894531250000000000e-02
67 30 6.3134538343717211406058709144417662173509597778320312500000000000e-02
108 30 7.5705616273803538751607788981345947831869125366210937500000000000e-02
121 30 7.5705607542394220965675799561722669750452041625976562500000000000e-02
31 31 -2.9451614761410865872548470179026480764150619506835937500000000000e-01
44 31 7.9970397333865586575463169083377579227089881896972656250000000000e-02
68 31 6.3134510968704454780819901316135656088590621948242187500000000000e-02
110 31 7.5705623472144295549313142146274913102388381958007812500000000000e-02
120 31 7.5705615839394307942100681430019903928041458129882812500000000000e-02
32 32 -2.9451613545708066332906582829309627413749694824218750000000000000e-01
45 32 7.9970391237540891515855889792874222621321678161621093750000000000e-02
69 32 6.3134527520634642350216836348408833146095275878906250000000000000e-02
101 32 7.5705608320406958533510533015942201018333435058593750000000000000e-02
123 32 7.5705608378498129296119145692500751465559005737304687500000000000e-02
33 33 -2.9451614425206212866115151882695499807596206665039062500000000000e-01
46 33 7.9970415255391183451116887681564548984169960021972656250000000000e-02
70 33 6.3134541116270884164585197595442878082394599914550781250000000000e-02
115 33 7.5705593940199850111483215187035966664552688598632812500000000000e-02
119 33 7.5705593940200210933966218362911604344844818115234375000000000000e-02
9 34 5.1910631159169773329864483457640744745731353759765625000000000000e-02
21 34 6.3134531646093047796419739370321622118353843688964843750000000000e-02
34 34 -4.2646757197835244435069057544751558452844619750976562500000000000e-01
102 34 1.5736504777497414830911282024317188188433647155761718750000000000e-01
113 34 1.0719598107836398118153375946803862461820244789123535156250000000e-02
136 34 1.4034917232485855098644833560683764517307281494140625000000000000e-01
145 34 2.9885909654205691787787202429171884432435035705566406250000000000e-03
1 35 2.9462789915136039509135912339843343943357467651367187500000000000e-02
22 35 7.9970400139845909670555101911304518580436706542968750000000000000e-02
35 35 -4.0092325511198134702084416858269833028316497802734375000000000000e-01
44 35 3.6250683002086400187613524082053118036128580570220947265625000000e-03
79 35 1.5722228857743342222974547439662273973226547241210937500000000000e-01
111 35 -2.2724475877690112485263185249095840845257043838500976562500000000e-02
120 35 1.5336718405704746759354861751489806920289993286132812500000000000e-01
7 36 2.9462782549439476414976368801035278011113405227661132812500000000e-02
23 36 7.9970391237540836004704658535047201439738273620605468750000000000e-02
36 36 -4.0092330578025786591567225514154415577650070190429687500000000000e-01
45 36 3.6250718698502774200997933462531364057213068008422851562500000000e-03
77 36 1.5722231077048767766690673397533828392624855041503906250000000000e-01
112 36 -2.2724473964100710965396956453332677483558654785156250000000000000e-02
123 36 1.5336722331704027988408256533148232847452163696289062500000000000e-01
8 37 2.9462782549439476414976368801035278011113405227661132812500000000e-02
24 37 7.9970409777049999977549532559351064264774322509765625000000000000e-02
37 37 -3.9469071975544572916660968076030258089303970336914062500000000000e-01
46 37 1.5722231162734318088425311543687712401151657104492187500000000000e-01
75 37 1.5722231162734309761752626855013659223914146423339843750000000000e-01
114 37 1.0286217846632267347573019833362195640802383422851562500000000000e-01
115 37 -2.3491145275837541084307247274409746751189231872558593750000000000e-01
119 37 1.0286217846632274286466923740590573288500308990478515625000000000e-01
5 38 2.9462789915136039509135912339843343943357467651367187500000000000e-02
25 38 7.9970418679354227098343699253746308386325836181640625000000000000e-02
38 38 -4.0092324984209237737076136909308843314647674560546875000000000000e-01
58 38 3.6250826790881819118583795358290444710291922092437744140625000000e-03
85 38 1.5722228040459332309985995834722416475415229797363281250000000000e-01
104 38 -2.2724468267422238271224799177616660017520189285278320312500000000e-02
113 38 1.5336714643134283231340475595061434432864189147949218750000000000e-01
3 39 2.9462767818051873586204791877207753714174032211303710937500000000e-02
26 39 7.9970415873376568538510866801516385748982429504394531250000000000e-02
39 39 -3.9469072778242930699121870929957367479801177978515625000000000000e-01
71 39 1.5722235428261213674439034093666123226284980773925781250000000000e-01
92 39 1.5722228040459329534428434271831065416336059570312500000000000000e-01
97 39 -2.3491138026895502788349290312908124178647994995117187500000000000e-01
116 39 1.0286216497889212606597908461480983532965183258056640625000000000e-01
118 39 1.0286212469385831724810742571207811124622821807861328125000000000e-01
6 40 2.9462775183741084922273145707549701910465955734252929687500000000e-02
27 40 7.9970389584018128359410582106647780165076255798339843750000000000e-02
40 40 -4.0092326232686215092826387262903153896331787109375000000000000000e-01
81 40 3.6250894972774429236839210943799116648733615875244140625000000000e-03
91 40 1.5722227501357036172358050407638074830174446105957031250000000000e-01
98 40 1.5336720300643388870120986666734097525477409362792968750000000000e-01
103 40 -2.2724469958178741824106339208810823038220405578613281250000000000e-02
4 41 2.9462804646531007973786486786593741271644830703735351562500000000e-02
28 41 7.9970366835566422669678843249130295589566230773925781250000000000e-02
41 41 -4.0092314879952761774717373555176891386508941650390625000000000000e-01
83 41 3.6250552693970327505779138732577848713845014572143554687500000000e-03
90 41 1.5722219812030885366382904066995251923799514770507812500000000000e-01
109 41 -2.2724444515722613813224484147212933748960494995117187500000000000e-02
117 41 1.5336716844344697174840064235468162223696708679199218750000000000e-01
2 42 2.9462797280827061896513185956791858188807964324951171875000000000e-02
29 42 7.9970393124924696315325434170517837628722190856933593750000000000e-02
42 42 -4.0092321264305086359058805101085454225540161132812500000000000000e-01
43 42 3.6250390882323481160642852927367130178026854991912841796875000000e-03
73 42 1.5722228961554066128947226843592943623661994934082031250000000000e-01
107 42 -2.2724495045275412696827999070592341013252735137939453125000000000e-02
121 42 1.5336718857880146660299658378789899870753288269042968750000000000e-01
2 43 2.9462789915139720592351935124497686047106981277465820312500000000e-02
30 43 7.9970378009397949381487080700026126578450202941894531250000000000e-02
42 43 3.6250390882323481160642852927367130178026854991912841796875000000e-03
43 43 -4.0092327867461585721997607834055088460445404052734375000000000000e-01
73 43 1.5722227541168873332644295714999316260218620300292968750000000000e-01
108 43 -2.2724451321328182490377756153066002298146486282348632812500000000e-02
121 43 1.5336724757148526010475109160324791446328163146972656250000000000e-01
1 44 2.9462767818051873586204791877207753714174032211303710937500000000e-02
31 44 7.9970397333865586575463169083377579227089881896972656250000000000e-02
35 44 3.6250683002086400187613524082053118036128580570220947265625000000e-03
44 44 -4.0092329042757784973716184140357654541730880737304687500000000000e-01
79 44 1.5722235342575910377327375044842483475804328918457031250000000000e-01
110 44 -2.2724518693421631720941178400607896037399768829345703125000000000e-02
120 44 1.5336722224311427620335734900436364114284515380859375000000000000e-01
7 45 2.9462782549439476414976368801035278011113405227661132812500000000e-02
32 45 7.9970391237540891515855889792874222621321678161621093750000000000e-02
36 45 3.6250718698502774200997933462531364057213068008422851562500000000e-03
45 45 -4.0092330578025814347142841143067926168441772460937500000000000000e-01
77 45 1.5722231077048773317805796523316530510783195495605468750000000000e-01
101 45 -2.2724473964100690148715244731647544540464878082275390625000000000e-02
123 45 1.5336722331704044641753625910496339201927185058593750000000000000e-01
8 46 2.9462782549439476414976368801035278011113405227661132812500000000e-02
33 46 7.9970415255391183451116887681564548984169960021972656250000000000e-02
37 46 1.5722231162734318088425311543687712401151657104492187500000000000e-01
46 46 -4.0092330913609669496011633782472927123308181762695312500000000000e-01
75 46 3.6250862487214575123617432694800299941562116146087646484375000000e-03
115 46 1.5336719039118518193021145634702406823635101318359375000000000000e-01
119 46 -2.2724476935983811687336242357559967786073684692382812500000000000e-02
47 47 -2.9451615640906259052655968844192102551460266113281250000000000000e-01
78 47 6.3134524564335867125031143132218858227133750915527343750000000000e-02
79 47 7.9970421351724010894379546243726508691906929016113281250000000000e-02
110 47 7.5705609091920061937130981277732644230127334594726562500000000000e-02
111 47 7.5705601401082650570018017788243014365434646606445312500000000000e-02
48 48 -2.9451616053219231705639913343475200235843658447265625000000000000e-01
76 48 6.3134534034513176137259904407983412966132164001464843750000000000e-02
77 48 7.9970409777050055488700763817178085446357727050781250000000000000e-02
101 48 7.5705608360314549654113136512023629620671272277832031250000000000e-02
112 48 7.5705608360314563531900944326480384916067123413085937500000000000e-02
49 49 -2.9451614425206207315000028756912797689437866210937500000000000000e-01
74 49 6.3134541116270856409009581966529367491602897644042968750000000000e-02
75 49 7.9970415255391183451116887681564548984169960021972656250000000000e-02
114 49 7.5705593940200210933966218362911604344844818115234375000000000000e-02
115 49 7.5705593940199822355907599558122456073760986328125000000000000000e-02
50 50 -2.9451616250136325447783747222274541854858398437500000000000000000e-01
72 50 6.3134517365663195276326291605073492974042892456054687500000000000e-02
73 50 7.9970380681735953043443032584036700427532196044921875000000000000e-02
107 50 7.5705631706677267711569356833933852612972259521484375000000000000e-02
108 50 7.5705632747286782935347559941874351352453231811523437500000000000e-02
51 51 -2.9451615640906259052655968844192102551460266113281250000000000000e-01
71 51 7.9970421351724038649955161872640019282698631286621093750000000000e-02
80 51 6.3134524564335853247243335317762102931737899780273437500000000000e-02
97 51 7.5705601401082650570018017788243014365434646606445312500000000000e-02
118 51 7.5705609091920034181555365648819133639335632324218750000000000000e-02
52 52 -2.9451608732142287028210603239131160080432891845703125000000000000e-01
81 52 7.9970428717422784026247484234772855415940284729003906250000000000e-02
82 52 6.3134519303145078539252210703125456348061561584472656250000000000e-02
98 52 7.5705569679468065480421046231640502810478210449218750000000000000e-02
124 52 7.5705569621386956113973099036229541525244712829589843750000000000e-02
53 53 -2.9451609341370971195672723297320771962404251098632812500000000000e-01
83 53 7.9970388047428661582038955657480983063578605651855468750000000000e-02
84 53 6.3134512104470436044678649523120839148759841918945312500000000000e-02
117 53 7.5705592294219858917614374149707145988941192626953125000000000000e-02
122 53 7.5705600967590727656819638013985240831971168518066406250000000000e-02
54 54 -2.9451615640907924387192906579002737998962402343750000000000000000e-01
85 54 7.9970421351715711977270473198586842045187950134277343750000000000e-02
86 54 6.3134524564339558616588021777715766802430152893066406250000000000e-02
102 54 7.5705609091930553544713689007039647549390792846679687500000000000e-02
104 54 7.5705601401093391977781266177771613001823425292968750000000000000e-02
55 55 -2.9451616721357909423062437781482003629207611083984375000000000000e-01
87 55 6.3134528188742294885216210786893498152494430541992187500000000000e-02
90 55 7.9970367453563423465467963069386314600706100463867187500000000000e-02
109 55 7.5705631969273046166790663846768438816070556640625000000000000000e-02
122 55 7.5705639602000329713149540111771784722805023193359375000000000000e-02
56 56 -2.9451616112122280810581287369132041931152343750000000000000000000e-01
88 56 6.3134535387400658734691205609124153852462768554687500000000000000e-02
91 56 7.9970408123530414834512214383721584454178810119628906250000000000e-02
103 56 7.5705609354491623652627652063529239967465400695800781250000000000e-02
124 56 7.5705608255800097006193993820488685742020606994628906250000000000e-02
57 57 -2.9451613407698190583161590438976418226957321166992187500000000000e-01
89 57 6.3134545542368150639056523232284234836697578430175781250000000000e-02
92 57 7.9970418679354227098343699253746308386325836181640625000000000000e-02
97 57 7.5705584927629757108213937044638441875576972961425781250000000000e-02
116 57 7.5705584927629770986001744859095197170972824096679687500000000000e-02
5 58 2.9462767818053726270877135107184585649520158767700195312500000000e-02
21 58 7.9970426830062779632868341650464572012424468994140625000000000000e-02
38 58 3.6250826790881819118583795358290444710291922092437744140625000000e-03
58 58 -4.0092330240911805416814672753389459103345870971679687500000000000e-01
85 58 1.5722236331230171613171364697336684912443161010742187500000000000e-01
102 58 -2.2724532247476957741438852167448203545063734054565429687500000000e-02
113 58 1.5336719401708859278343766163743566721677780151367187500000000000e-01
9 59 5.1910609818557273964501064256182871758937835693359375000000000000e-02
22 59 6.3134539028488770306957178490847581997513771057128906250000000000e-02
59 59 -4.2646753707399442934189437437453307211399078369140625000000000000e-01
111 59 1.5736496443165032266264802274235989898443222045898437500000000000e-01
120 59 1.0719550811635695716783622799539443803951144218444824218750000000e-02
136 59 2.9886536710998384304416308765439680428244173526763916015625000000e-03
145 59 1.4034921931256258420539495546108810231089591979980468750000000000e-01
10 60 5.1910603329729139432391349373574485071003437042236328125000000000e-02
23 60 6.3134527520634628472429028533952077850699424743652343750000000000e-02
60 60 -4.2646758590821909340462525506154634058475494384765625000000000000e-01
112 60 1.5736500341978623684902061086177127435803413391113281250000000000e-01
123 60 1.0719565444041677035325044187175080878660082817077636718750000000e-02
137 60 2.9886499478499924109531349358803709037601947784423828125000000000e-03
146 60 1.4034923624617742787812346705322852358222007751464843750000000000e-01
11 61 5.1910616872821974121521293454861734062433242797851562500000000000e-02
24 61 6.3134534034513176137259904407983412966132164001464843750000000000e-02
61 61 -4.2646763118995811847611321354634128510951995849609375000000000000e-01
114 61 1.0719589156010775332639184398431098088622093200683593750000000000e-02
119 61 1.5736504030496972772468211587693076580762863159179687500000000000e-01
135 61 1.4034920904915407224855528056650655344128608703613281250000000000e-01
143 61 2.9886417724884544941388320182795723667368292808532714843750000000e-03
12 62 5.1910623361648873530516112850818899460136890411376953125000000000e-02
25 62 6.3134545542368150639056523232284234836697578430175781250000000000e-02
62 62 -4.2646756997621892981698010771651752293109893798828125000000000000e-01
104 62 1.5736498835152518127600274056021589785814285278320312500000000000e-01
113 62 1.0719579208263177450000114276917884126305580139160156250000000000e-02
125 62 2.9886511796770329554839840113800164544954895973205566406250000000e-03
134 62 1.4034918233273652177217627468053251504898071289062500000000000000e-01
13 63 5.1910619954570094702894778038171352818608283996582031250000000000e-02
26 63 6.3134517482581586911294380115577951073646545410156250000000000000e-02
63 63 -4.2646766249139805848855644399009179323911666870117187500000000000e-01
116 63 1.0719605666548297565054959079589025350287556648254394531250000000e-02
118 63 1.5736511612644965563134746844298206269741058349609375000000000000e-01
126 63 1.4034922021644516409999425832211272791028022766113281250000000000e-01
130 63 2.9885830448032574095662550206498053739778697490692138671875000000e-03
14 64 5.1910602926258035683115821257160860113799571990966796875000000000e-02
27 64 6.3134528873519099589906033997976919636130332946777343750000000000e-02
64 64 -4.2646758543132212704307448802865110337734222412109375000000000000e-01
98 64 1.0719557703845783089291465728365437826141715049743652343750000000e-02
103 64 1.5736500140838186045932900469779269769787788391113281250000000000e-01
105 64 2.9886529583802346095311452955911590834148228168487548828125000000e-03
131 64 1.4034924156093714353588097765168640762567520141601562500000000000e-01
15 65 5.1910568338333754057067892517807194963097572326660156250000000000e-02
28 65 6.3134526568611223917848462861002190038561820983886718750000000000e-02
65 65 -4.2646738199444617078981423219374846667051315307617187500000000000e-01
109 65 1.5736487267638829545823853095498634502291679382324218750000000000e-01
117 65 1.0719524707484703873738851598318433389067649841308593750000000000e-02
128 65 1.4034915949945320212677302151860203593969345092773437500000000000e-01
133 65 2.9887302041750438315326210414468732778914272785186767578125000000e-03
16 66 5.1910585366644002025537929512211121618747711181640625000000000000e-02
29 66 6.3134515177676736596978912530175875872373580932617187500000000000e-02
66 66 -4.2646748095280639923032595106633380055427551269531250000000000000e-01
107 66 1.5736501967359026177284420100477291271090507507324218750000000000e-01
121 66 1.0719536159453924017981307770241983234882354736328125000000000000e-02
129 66 2.9885995351964607033568022131930774776265025138854980468750000000e-03
140 66 1.4034922504024505141018153153709135949611663818359375000000000000e-01
17 67 5.1910600101983353504842000347707653418183326721191406250000000000e-02
30 67 6.3134538343717211406058709144417662173509597778320312500000000000e-02
67 67 -4.2646759447259813269326400586578529328107833862304687500000000000e-01
108 67 1.5736500029390063093437390762119321152567863464355468750000000000e-01
121 67 1.0719498837847648078924756021024222718551754951477050781250000000e-02
139 67 2.9886683481237931274410168924760000663809478282928466796875000000e-03
144 67 1.4034928854702549694266622282157186418771743774414062500000000000e-01
18 68 5.1910633007340611921875961343175731599330902099609375000000000000e-02
31 68 6.3134510968704454780819901316135656088590621948242187500000000000e-02
68 68 -4.2646767226054188570927294676948804408311843872070312500000000000e-01
110 68 1.5736512965931931384844233434705529361963272094726562500000000000e-01
120 68 1.0719611744390759519585110126627114368602633476257324218750000000e-02
138 68 2.9885484210810777175315600118210568325594067573547363281250000000e-03
141 68 1.4034923845970564970642158186819870024919509887695312500000000000e-01
19 69 5.1910617514189572041516385070281103253364562988281250000000000000e-02
32 69 6.3134527520634642350216836348408833146095275878906250000000000000e-02
69 69 -4.2646765758226712339507002980099059641361236572265625000000000000e-01
101 69 1.0719566974882814916480988642888405593112111091613769531250000000e-02
106 69 1.4034924731208062165244143670861376449465751647949218750000000000e-01
123 69 1.5736506387799237272062669035221915692090988159179687500000000000e-01
132 69 2.9886343824871305051293912669052588171325623989105224609375000000e-03
20 70 5.1910623361648346174579415901462198235094547271728515625000000000e-02
33 70 6.3134541116270884164585197595442878082394599914550781250000000000e-02
70 70 -4.2646758217429930892805600706196855753660202026367187500000000000e-01
115 70 1.0719587718981118604211211220444965874776244163513183593750000000e-02
119 70 1.5736500220508442549061101090046577155590057373046875000000000000e-01
127 70 1.4034918227656437150763224508409621194005012512207031250000000000e-01
142 70 2.9886454957501638537986643484600790543481707572937011718750000000e-03
3 71 2.9462767818053726270877135107184585649520158767700195312500000000e-02
39 71 1.5722235428261213674439034093666123226284980773925781250000000000e-01
51 71 7.9970421351724038649955161872640019282698631286621093750000000000e-02
71 71 -4.0092329378338564804806765096145682036876678466796875000000000000e-01
92 71 3.6250826790881819118583795358290444710291922092437744140625000000e-03
97 71 1.5336718931723986036885776229610200971364974975585937500000000000e-01
118 71 -2.2724521665332272912785072094266070052981376647949218750000000000e-02
13 72 5.1910596437445069573080047575786011293530464172363281250000000000e-02
50 72 6.3134517365663195276326291605073492974042892456054687500000000000e-02
72 72 -4.2646764664513142628621267249400261789560317993164062500000000000e-01
107 72 1.0719567651633829519219887060899054631590843200683593750000000000e-02
108 72 1.5736505336188127968100047837651800364255905151367187500000000000e-01
126 72 2.9886435511660941304057370615510080824606120586395263671875000000e-03
130 72 1.4034926827734195420305240986635908484458923339843750000000000000e-01
2 73 2.9462767818035310446456165323070308659225702285766601562500000000e-02
42 73 1.5722228961554066128947226843592943623661994934082031250000000000e-01
43 73 1.5722227541168873332644295714999316260218620300292968750000000000e-01
50 73 7.9970380681735953043443032584036700427532196044921875000000000000e-02
73 73 -3.9469071414148276799593872965488117188215255737304687500000000000e-01
107 73 1.0286220255818033508798947650575428269803524017333984375000000000e-01
108 73 1.0286212898467919640843604156543733552098274230957031250000000000e-01
121 73 -2.3491133092837745977021768339909613132476806640625000000000000000e-01
12 74 5.1910623361648318419003800272548687644302845001220703125000000000e-02
49 74 6.3134541116270856409009581966529367491602897644042968750000000000e-02
74 74 -4.2646758217429941995035846957762259989976882934570312500000000000e-01
114 74 1.5736500220508453651291347341611981391906738281250000000000000000e-01
115 74 1.0719587718981253912642337411398330004885792732238769531250000000e-02
125 74 1.4034918227656431599648101382626919075846672058105468750000000000e-01
134 74 2.9886454957501261235630618529057755949907004833221435546875000000e-03
8 75 2.9462782549439476414976368801035278011113405227661132812500000000e-02
37 75 1.5722231162734309761752626855013659223914146423339843750000000000e-01
46 75 3.6250862487214575123617432694800299941562116146087646484375000000e-03
49 75 7.9970415255391183451116887681564548984169960021972656250000000000e-02
75 75 -4.0092330913609647291551141279342118650674819946289062500000000000e-01
114 75 -2.2724476935983787401207578682260646019130945205688476562500000000e-02
115 75 1.5336719039118501539675776257354300469160079956054687500000000000e-01
11 76 5.1910616872821939427051773918719845823943614959716796875000000000e-02
48 76 6.3134534034513176137259904407983412966132164001464843750000000000e-02
76 76 -4.2646763118995800745381075103068724274635314941406250000000000000e-01
101 76 1.0719589156010796149320896120116231031715869903564453125000000000e-02
112 76 1.5736504030496956119122842210344970226287841796875000000000000000e-01
135 76 2.9886417724885481692065347658626706106588244438171386718750000000e-03
143 76 1.4034920904915398898182843367976602166891098022460937500000000000e-01
7 77 2.9462782549439476414976368801035278011113405227661132812500000000e-02
36 77 1.5722231077048767766690673397533828392624855041503906250000000000e-01
45 77 1.5722231077048773317805796523316530510783195495605468750000000000e-01
48 77 7.9970409777050055488700763817178085446357727050781250000000000000e-02
77 77 -3.9469071743706796162598493538098409771919250488281250000000000000e-01
101 77 1.0286215359213790598857940494781360030174255371093750000000000000e-01
112 77 1.0286215359213787823300378931890008971095085144042968750000000000e-01
123 77 -2.3491140361467288677488340908894315361976623535156250000000000000e-01
10 78 5.1910624670344830688950565900086075998842716217041015625000000000e-02
47 78 6.3134524564335867125031143132218858227133750915527343750000000000e-02
78 78 -4.2646760861449389823363276263989973813295364379882812500000000000e-01
110 78 1.5736507290955423221667786037869518622756004333496093750000000000e-01
111 78 1.0719604229536676756606716764963493915274739265441894531250000000e-02
137 78 1.4034918931463816194060711950442055240273475646972656250000000000e-01
146 78 2.9885929260841472866749857217882890836335718631744384765625000000e-03
1 79 2.9462767818053726270877135107184585649520158767700195312500000000e-02
35 79 1.5722228857743342222974547439662273973226547241210937500000000000e-01
44 79 1.5722235342575910377327375044842483475804328918457031250000000000e-01
47 79 7.9970421351724010894379546243726508691906929016113281250000000000e-02
79 79 -3.9469072412564892848862996288517024368047714233398437500000000000e-01
110 79 1.0286209685317390660763692267209989950060844421386718750000000000e-01
111 79 1.0286213888166764740539349531900370493531227111816406250000000000e-01
120 79 -2.3491134278216296848995625623501837253570556640625000000000000000e-01
14 80 5.1910626443403058705161612351730582304298877716064453125000000000e-02
51 80 6.3134524564335853247243335317762102931737899780273437500000000000e-02
80 80 -4.2646761347570283362529153237119317054748535156250000000000000000e-01
97 80 1.0719604229536654205201529066471266560256481170654296875000000000e-02
105 80 1.4034919344381727168702411745471181347966194152832031250000000000e-01
118 80 1.5736507802657084820197042063227854669094085693359375000000000000e-01
131 80 2.9885867680391445429244345888264433597214519977569580078125000000e-03
6 81 2.9462782549439469476082464893806900363415479660034179687500000000e-02
40 81 3.6250894972774429236839210943799116648733615875244140625000000000e-03
52 81 7.9970428717422784026247484234772855415940284729003906250000000000e-02
81 81 -4.0092321521620405411212573199009057134389877319335937500000000000e-01
91 81 1.5722232022011334295896745061327237635850906372070312500000000000e-01
98 81 1.5336715481315799092243423729087226092815399169921875000000000000e-01
124 81 -2.2724560581206969256395922229785355739295482635498046875000000000e-02
15 82 5.1910613196079868902899079330381937325000762939453125000000000000e-02
52 82 6.3134519303145078539252210703125456348061561584472656250000000000e-02
82 82 -4.2646743101183787194585761426424141973257064819335937500000000000e-01
98 82 1.0719661763951874103306671770496905082836747169494628906250000000e-02
124 82 1.5736498256392872363562673854175955057144165039062500000000000000e-01
128 82 1.4034904681475363075193740769464056938886642456054687500000000000e-01
133 82 2.9886073699787150947937419687150395475327968597412109375000000000e-03
4 83 2.9462782549443154028745439632075431291013956069946289062500000000e-02
41 83 3.6250552693970327505779138732577848713845014572143554687500000000e-03
53 83 7.9970388047428661582038955657480983063578605651855468750000000000e-02
83 83 -4.0092320303597034358844553025846835225820541381835937500000000000e-01
90 83 1.5722229397131221029226821883639786392450332641601562500000000000e-01
117 83 1.5336721742892242548172987426369218155741691589355468750000000000e-01
122 83 -2.2724534230533131873297492120400420390069484710693359375000000000e-02
16 84 5.1910583190121692420682109059271169826388359069824218750000000000e-02
53 84 6.3134512104470436044678649523120839148759841918945312500000000000e-02
84 84 -4.2646743313023105503845044950139708817005157470703125000000000000e-01
117 84 1.0719571909862101247168375550700147869065403938293457031250000000e-02
122 84 1.5736497459758358452575066621648147702217102050781250000000000000e-01
129 84 1.4034916125194851765911607799353078007698059082031250000000000000e-01
140 84 2.9886300762447218400119641756873534177429974079132080078125000000e-03
5 85 2.9462767818051873586204791877207753714174032211303710937500000000e-02
38 85 1.5722228040459332309985995834722416475415229797363281250000000000e-01
54 85 7.9970421351715711977270473198586842045187950134277343750000000000e-02
58 85 1.5722236331230171613171364697336684912443161010742187500000000000e-01
85 85 -3.9469072644407937611177317194233182817697525024414062500000000000e-01
102 85 1.0286212347083238671796578955763834528625011444091796875000000000e-01
104 85 1.0286216201242333323495614649800700135529041290283203125000000000e-01
113 85 -2.3491139192583898598343239427777007222175598144531250000000000000e-01
17 86 5.1910638854801627317669954209122806787490844726562500000000000000e-02
54 86 6.3134524564339558616588021777715766802430152893066406250000000000e-02
86 86 -4.2646765988368701139066274663491640239953994750976562500000000000e-01
102 86 1.5736512681096587185081148163590114563703536987304687500000000000e-01
104 86 1.0719599544846882682724853452782554086297750473022460937500000000e-02
139 86 1.4034923213090164106908730445866240188479423522949218750000000000e-01
144 86 2.9885379778314315885046070775388216134160757064819335937500000000e-03
18 87 5.1910598182888144369595551097518182359635829925537109375000000000e-02
55 87 6.3134528188742294885216210786893498152494430541992187500000000000e-02
87 87 -4.2646766211491032860791960956703405827283859252929687500000000000e-01
